$INPUT
	NumofRotors=2
	RotorID=1
	THETA=4.63236D0,1.6507197D0,0.0D0,4.61110387D0,1.73298173D0,-3.07642756D0
	
	NLG=7

	NPTS=50
	BTAP=0.052D0
	LDTIP=0.0D0,0.0D0,0.0D0

	MU=0.2D0
	thetapa=0.0d0
	delta=0.0d0
	
	ISR=0

	CTC=0.008671
	RHA=1.225D0

	
	NOD=0
	RHS=0
	NMN=7
	NMNV=2
	NMNW=3
	NMNT=1
	NMNA=1
	NMNF=30
	
	CNDN=2
	HINGES=1,2,4,6,0,0
	NFPCT=2
	NHFLP=6
	
	NPTCT=1
	NHPIT=7
	
	NLLCT=2
	NHLAG=4	

	SOL=2

	nrbd=3
	afsen=0

	lockn=5.5D0
	cchordrf=0.439D0
	alcsrf=6.0D0
	
	kfp=0.0
	kptbar=0.0d0
	klgdpr=0.0d0
	kfpspr=0.0d0

	ggt=0.0d0

	rdcm=0.03d0
	rdck=0.03d0

	mkim=3
	mdyim=7

	mktrim=0

	mkfm=1

$

$trimipara

	isinput=0	

	cw=0.0044d0 
	rlxr=0.1d0 
	rlxv=0.01d0

	fcdfpdka=0.01d0

	rcgb=0.0d0, 0.0d0, -1.0d0
	racb=0.0d0, 0.0d0, -0.50d0

	fchbtg=0.0d0, 0.0d0, 0.0d0	
	mthbtg=10918.8d0, 0.0d0, 0.0d0

$

$INFLOWPARA
	UNITYPE=0
	KHLMDA=1.15
	KFLMDA=1.5
	LINTYPE=0
	FXLMDA=1.5
	FYLMDA=1.0
$

$SECTIONFPARA
	BTIP=0.0
	OPTIP=0
	MACRT=0
	MDIV=0.75
	CLMAX=1.2
	FSTALL=0.5
	MSTALL=0.4
	GSTALL=1.2
	HSTALL=0.4
	CLF=1.12
	CMAC=0.0
	CMS=-0.07
	DEL0=0.0084
	DEL1=-0.0102
	DEL2=0.384
	DCDDM=0.65
	MCRIT=0.83
	ACRIT=33.0
	ALFD=10.0
	CDF=2.05
$

$eigen
	rotan=7
	fch=1
	soc=2
	TFLCTRL=5.0

$

$forward
	natmod=0
	mrksl=3
	beta=0.25d0
	gam=0.5d0
	sel=2
	nit=1  
	mktfe=0
	npl=3
	ntfe=10
	nidtfe=10
	hdg=2.00d0
	ndgop=1
	nrd=100
$

 
$vortex
	ri0=0.1117
	nf=3
	nw=6
	nseg=3
	nx=3
	vor_rootr=0.475 
	vor_tipr=0.98
	rcct=1.0d3
	IS_ELASTIC=1
	RELAX=0.5D0
$

$DFM_PARA
	TPE=0
	VDOF=1
	WDOF=1
	FDOF=1
	UDOF=1
	ITN=600	
	TOL=1E-10
$